   3057 55
   3057 50
   3057 45
   3057 37
   3057 36
   3057 34
   3057 32
   3057 31
   3057 21
   3042 56
   3042 54
   3042 53
   3042 51
   3042 49
   3042 48
   3042 47
   3042 46
   3042 44
   3042 42
   3042 41
   3042 40
   3042 39
   3042 38
   3042 35
   3042 33
   3042 30
   3042 29
   3042 28
   3042 27
   3042 26
   3042 25
   3042 24
   3042 23
   3042 22
   3042 20
   3042 18
   3026 12
   3025 19
   3025 04
   3010 17
   3010 16
   3010 15
   3010 13
   3010 11
   3010 10
   3010 09
   3010 08
   3010 06
   3010 05
   3010 02
   3010 01
   1556 78
   1556 72
   1524 66
    788 59
